-58.44
-58.44
-58.44
-58.44
-58.44
-53.38
-47.75
-42.53
-37.68
-33.20
-29.07
-25.29
-21.82
-18.67
-15.82
-13.24
-10.94
-8.88
-7.07
-5.49
-4.11
-2.93
-1.94
-1.11
-0.44
0.09
0.49
0.78
0.98
1.08
1.12
1.10
1.03
0.89
0.69
0.41
0.07
-0.35
-0.85
-1.44
-2.11
-2.87
-3.73
-4.68
-5.74
-6.90
-8.17
-9.55
-11.05
-12.67
-14.40
-16.19
-18.02
-19.83
-21.58
-23.23
-24.74
-26.07
-27.17
-28.06
-28.80
-29.44
-30.03
-30.62
-31.26
-32.01
-32.92
-34.04
-35.38
-36.87
-38.47
-40.10
-41.70
-43.21
-44.57
-45.71
-46.58
-47.16
-47.50
-47.63
-47.58
-47.39
-47.09
-46.72
-46.31
-45.89
-45.50
-45.15
-44.82
-44.50
-44.17
-43.82
-43.43
-42.99
-42.47
-41.88
-41.19
-40.39
-39.49
-38.51
-37.46
-36.35
-35.19
-34.01
-32.80
-31.59
-30.38
-29.19
-28.03
-26.91
-25.82
-24.77
-23.75
-22.77
-21.83
-20.93
-20.07
-19.25
-18.47
-17.74
-17.07
-16.46
-15.95
-15.54
-15.25
-15.09
-15.09
-15.25
-15.60
-16.14
-16.87
-17.76
-18.78
-19.91
-21.12
-22.38
-23.66
-24.94
-26.18
-27.39
-28.56
-29.70
-30.81
-31.90
-32.98
-34.05
-35.12
-36.19
-37.26
-38.31
-39.34
-40.34
-41.29
-42.19
-43.02
-43.78
-44.44
-45.02
-45.50
-45.90
-46.21
-46.44
-46.59
-46.66
-46.66
-46.58
-46.44
-46.23
-45.95
-45.62
-45.22
-44.77
-44.26
-43.71
-43.10
-42.45
-41.89
-41.89
-41.89
-41.89
-41.89
-41.89
-41.89
-41.89
-41.89
-41.89
-41.89
-41.89
-41.89
-41.89
-41.89
-41.89
-41.89
-41.89
-41.89
-41.89
-41.89
-41.89
-41.89
-41.89
-41.89
-41.89
-41.89
-41.89
-41.89
-41.89
-41.89
-41.89
-41.89
-41.89
-41.89
-41.89
-41.89
-41.89
-41.89
-41.89
-41.89
-41.89
-41.89
-41.89
-41.89
-41.89
-41.89
-41.89
-41.89
-41.89
-41.89
-41.89
-41.89
-41.89
-41.89
-41.89
-41.89
-41.89
-41.89
-41.89
-41.89
-41.89
-41.89
-41.89
-41.89
-41.89
-41.89
-41.89
-41.89
-41.89
-41.89
-41.89
-41.89
-41.89
-41.89
-41.89
-41.89
-41.89
-41.89
-41.89
-41.89
-41.89
-41.89
-41.89
-41.89
-41.89
-41.89
-41.89
-41.89
-41.89
-41.89
-41.89
-41.89
-41.89
-41.89
-41.89
-41.89
-41.89
-41.89
-41.89
-41.89
-41.89
-41.89
-41.89
-41.89
-41.89
-41.89
-41.89
-41.89
-41.89
-41.89
-41.89
-41.89
-41.89
-41.89
-41.89
-41.89
-41.89
-41.89
-41.89
-41.89
-41.89
-41.89
-41.89
-41.89
-41.89
-41.89
-41.89
-41.89
-41.89
-41.89
-41.89
-41.89
-41.89
-41.89
-41.89
-41.89
-41.89
-41.89
-41.89
-41.89
-41.89
-41.89
-41.89
-41.89
-41.89
-41.89
-41.89
-41.89
-41.89
-41.89
-41.89
-41.89
-41.89
-41.89
-41.89
-41.89
-41.89
-41.89
-41.89
-41.89
-41.89
-41.89
-41.89
-41.89
-41.89
-41.89
-41.89
-41.89
-41.89
-41.89
-41.89
-41.89
-41.89
-41.89