-54.96
-54.96
-54.96
-54.96
-54.96
-54.96
-54.96
-54.96
-54.96
-54.96
-54.96
-54.96
-54.96
-54.96
-54.96
-51.29
-44.37
-38.06
-32.34
-27.18
-22.55
-18.44
-14.81
-11.64
-8.90
-6.58
-4.63
-3.04
-1.78
-0.82
-0.14
0.28
0.47
0.47
0.28
-0.05
-0.51
-1.07
-1.71
-2.39
-3.09
-3.81
-4.57
-5.39
-6.29
-7.31
-8.46
-9.78
-11.29
-13.00
-14.93
-17.00
-19.14
-21.29
-23.37
-25.32
-27.06
-28.54
-29.68
-30.54
-31.18
-31.68
-32.11
-32.54
-33.05
-33.71
-34.59
-35.77
-37.23
-38.89
-40.67
-42.48
-44.23
-45.84
-47.23
-48.29
-48.98
-49.29
-49.28
-49.00
-48.51
-47.84
-47.06
-46.21
-45.35
-44.52
-43.77
-43.13
-42.56
-42.06
-41.60
-41.14
-40.68
-40.19
-39.64
-39.00
-38.27
-37.42
-36.45
-35.38
-34.24
-33.04
-31.79
-30.53
-29.26
-28.01
-26.80
-25.63
-24.54
-23.52
-22.59
-21.72
-20.93
-20.20
-19.54
-18.94
-18.40
-17.91
-17.48
-17.10
-16.77
-16.48
-16.25
-16.06
-15.92
-15.83
-15.79
-15.79
-15.85
-15.94
-16.09
-16.29
-16.55
-16.87
-17.25
-17.71
-18.24
-18.85
-19.54
-20.33
-21.18
-22.11
-23.09
-24.11
-25.16
-26.23
-27.31
-28.39
-29.45
-30.50
-31.54
-32.57
-33.60
-34.63
-35.66
-36.69
-37.74
-38.80
-39.85
-40.87
-41.82
-42.69
-43.44
-44.05
-44.50
-44.74
-44.77
-44.58
-44.18
-43.60
-42.87
-42.01
-41.04
-39.98
-38.86
-37.70
-36.53
-35.36
-34.21
-33.08
-31.96
-30.86
-29.78
-28.72
-27.68
-26.65
-25.65
-24.67
-23.71
-22.76
-21.81
-20.82
-19.80
-18.70
-17.52
-16.23
-14.82
-13.26
-11.53
-9.62
-7.52
-5.30
-3.05
-0.87
1.15
2.92
4.34
5.32
5.77
5.59
4.70
3.00
0.55
-2.51
-6.02
-9.85
-13.82
-17.79
-21.62
-25.14
-28.21
-30.67
-32.38
-33.18
-32.92
-31.44
-28.61
-24.25
-18.23
-10.40
-0.59
4.46
4.46
4.46
4.46
4.46
4.46
4.46
4.46
4.46
4.46
4.46
4.46
4.46
4.46
4.46
4.46
4.46
4.46
4.46
4.46
4.46
4.46
4.46
4.46
4.46
4.46
4.46
4.46
4.46
4.46
4.46
4.46
4.46
4.46
4.46
4.46
4.46
4.46
4.46
4.46
4.46
4.46
4.46
4.46
4.46
4.46
4.46
4.46
4.46
4.46
4.46
4.46
4.46
4.46
4.46
4.46
4.46
4.46
4.46
4.46
4.46
4.46
4.46
4.46
4.46
4.46
4.46
4.46
4.46
4.46
4.46
4.46
4.46
4.46
4.46
4.46
4.46
4.46
4.46
4.46
4.46
4.46
4.46
4.46
4.46
4.46
4.46
4.46
4.46
4.46
4.46
4.46
4.46
4.46
4.46
4.46
4.46
4.46
4.46
4.46
4.46
4.46
4.46
4.46
4.46
4.46
4.46
4.46
4.46
4.46
4.46
4.46
4.46
4.46
4.46
4.46
4.46
4.46
4.46
4.46