12 1 2 4 5 6 8 9 12 10 12 1 2486 
10 3 3 4 6 7 10 11 12 12 2486 
1 1 2 4 5 6 7 9 11 12 12 1 2 2486 
11 2 3 5 6 8 10 11 12 12 2486 
11 12 3 4 5 6 7 10 11 12 1 1 2486 
12 12 1 1 3 4 5 6 6 6 7 8 9 10 11 12 12 12 1 1 2486 
1 3 4 6 7 9 11 12 1 3 4 5 6 8 10 11 1 1 2486 
1 1 3 4 6 7 10 12 1 3 2486 
11 6 3 2 12 11 10 8 7 7 6 8426 
1 3 4 6 7 10 11 12 9 12 9 8426 
1 11 2 4 5 7 8 11 12 12 9 8426 
12 7 7 5 2 1 10 8 6 5 12 8426 
8 4 2 1 11 10 8 7 6 6 8426 
7 6 5 3 2 1 12 11 11 9 8 7 6 3 6 8426 
8 8 3 7 7 4 4 2 1 1 11 11 9 8 7 3 6 8426 
6 5 4 2 1 12 11 9 9 7 6 4 7 4 2 1 8426 
6 5 2 1 11 8 6 3 9 11 8426 
8 4 3 1 11 10 9 7 6 5 1 12 11 9 8 6 6 3 9 8426 
7 6 5 2 2 12 11 9 8 7 6 6 5 8426 
5 3 2 2 1 12 12 11 9 9 7 4 8 6 6 8426 
9 7 4 2 11 9 7 7 3 8426 
1 1 2 10 11 12 1 12 2 1 456 
6 12 12 12 12 10 2 1 456 
1 1 1 12 1 1 1 456 
1 1 1 12 1 12 1 456 
1 1 1 1 1 12 1 12 12 12 12 12 11 12 1 1 1 12 456 
1 1 1 11 12 12 12 12 12 12 12 1 456 
12 1 12 1 12 12 12 12 12 12 1 456 
1 12 12 12 12 12 12 12 456 
8 1 1 12 12 12 12 1 1 1 456 
12 1 12 12 12 12 12 12 12 11 1 456 
1 1 1 12 12 12 12 12 11 4 10 456 
2 1 1 1 12 12 1 1 12 456 
11 12 1 12 12 12 1 12 2 2 1 1 2 456 
1 1 1 1 1 1 1 1 1 1 456 
12 12 12 12 12 12 12 12 12 456 
1 1 12 12 12 1 1 1 456 
12 12 1 1 1 12 12 1 456 
5 6 5 7 5 4 8 7 5 7 6 654 
7 5 8 7 7 7 654 
7 7 4 9 6 7 8 7 6 654 
4 8 7 7 7 7 7 6 6 654 
6 4 8 5 7 7 6 6 7 654 
7 6 7 7 7 7 7 7 2 654 
6 5 8 7 7 7 654 
7 7 5 9 7 7 7 7 7 654 
6 6 6 6 6 6 6 6 6 7 7 654 
6 7 7 5 7 6 2 5 654 
6 6 6 7 7 2 6 7 6 6 6 6 6 6 7 7 7 654 
7 7 7 7 7 5 7 7 7 7 7 6 8 7 2 654 
4 9 5 6 6 8 7 654 
8 4 4 4 4 5 8 654 
7 7 5 3 1 1 11 8 7 6 8426 
2 12 9 9 10 3 9 456 
7 6 5 3 2 12 10 9 8 7 6 8426 
7 5 3 1 12 10 9 6 6 8426 
11 1 3 4 6 7 7 10 2 10 10 2486 
12 1 3 3 5 6 8 9 11 12 1 2486 
6 5 5 8 7 7 7 654 
1 1 12 2 10 12 12 1 456 
1 2 2 5 6 7 8 10 12 1 2486 
7 5 4 2 12 11 9 8 6 8426 
4 9 3 6 7 2 6 6 654 
1 12 12 12 12 12 12 12 1 456 
9 9 9 9 10 10 123 
